graph of t =  10
----------------------------
500.000000
395.595825
332.432878
307.854339
301.371121
300.173129
300.015690
300.000997
300.000043
300.000001
300.000000
300.000000
300.000000
300.000000
300.000000
300.000000
300.000000
300.000000
300.000000
300.000000
300.000000
300.000000
300.000000
300.000000
300.000000
300.000000
300.000000
300.000000
300.000000
300.000000
300.000000
300.000000
300.000000
300.000000
300.000000
300.000000
300.000000
300.000000
300.000000
300.000000
300.000004
300.000148
300.003488
300.054916
300.605952
304.798923
327.490186
413.515074
634.585386
1000.000000

