graph of t =   6
----------------------------
500.000000
374.060544
316.418147
302.211932
300.178159
300.007910
300.000149
300.000000
300.000000
300.000000
300.000000
300.000000
300.000000
300.000000
300.000000
300.000000
300.000000
300.000000
300.000000
300.000000
300.000000
300.000000
300.000000
300.000000
300.000000
300.000000
300.000000
300.000000
300.000000
300.000000
300.000000
300.000000
300.000000
300.000000
300.000000
300.000000
300.000000
300.000000
300.000000
300.000000
300.000000
300.000000
300.000000
300.000522
300.027685
300.623556
307.741761
357.463515
559.211905
1000.000000

